296
592
477
940
471
343
854
181
161
725
112
328
641
996
6
90
822
883
925
220
307
168
385
11
890
757
641
632
217
475
62
865
419
892
805
890
587
11
423
749
88
536
429
729
532
435
172
354
671
97
926
978
617
311
990
860
421
983
492
638
810
906
503
230
150
660
472
738
24
248
487
112
784
268
194
668
56
366
374
727
815
301
57
433
964
399
293
385
383
137
375
545
395
878
775
546
891
600
284
915
848
123
27
984
391
573
4
447
939
378
526
107
31
936
892
996
687
537
733
70
26
109
968
421
339
743
967
230
695
603
145
895
78
525
231
470
98
235
269
390
966
148
849
997
84
741
345
771
278
431
194
304
540
162
77
879
257
397
462
305
0
959
200
79
484
432
901
935
19
522
325
985
670
174
335
106
267
680
230
545
463
776
201
3
290
278
235
899
27
49
204
28
8
757
459
493
541
712
780
560
234
105
898
905
631
233
363
250
265
593
147
729
721
348
84
11
978
671
911
6
720
467
386
729
576
845
574
117
557
354
30
143
811
928
400
794
513
764
44
778
709
191
507
431
891
944
794
221
615
705
227
688
525
613
769
101
810
343
219
719
49
601
863
860
529
615
6
42
379
402
172
89
945
32
872
836
976
666
57
943
724
637
631
249
602
400
702
413
95
273
484
144
874
699
356
755
315
714
797
46
116
970
487
61
354
359
249
330
378
307
273
102
296
257
703
898
9
405
663
105
679
148
601
553
199
310
309
514
24
458
913
141
780
400
554
134
760
804
816
490
111
442
592
407
699
295
657
60
52
321
517
731
469
119
637
20
781
298
535
805
756
800
298
889
200
853
23
312
657
840
802
120
282
746
879
333
393
536
393
446
857
911
529
678
382
166
699
163
816
586
320
573
386
619
462
586
472
837
251
481
29
53
601
663
800
832
996
193
368
742
991
578
5
521
608
387
39
307
902
856
893
222
781
631
193
595
570
17
432
821
498
814
226
451
477
378
635
826
924
4
568
915
934
573
788
542
312
828
202
566
684
447
140
465
79
334
412
649
703
844
822
202
658
48
5
488
427
641
314
351
997
882
618
283
807
407
825
471
235
27
37
271
475
529
88
906
215
500
907
919
696
729
473
707
129
478
195
908
471
509
611
820
743
230
103
902
637
281
373
224
660
762
847
487
643
935
393
859
787
300
778
483
381
251
190
863
81
737
771
905
598
383
725
693
613
181
595
602
462
320
178
122
82
25
962
78
312
355
937
99
8
715
934
741
318
477
604
751
214
376
656
165
759
382
858
724
915
454
678
377
774
856
851
209
233
813
287
897
521
576
348
881
291
282
622
961
111
579
712
678
955
369
843
66
103
701
142
18
507
820
747
634
28
950
843
613
764
482
510
637
58
210
518
701
492
492
662
956
71
726
634
378
95
829
796
550
530
938
920
390
110
667
24
490
618
219
455
734
53
317
723
111
527
593
164
372
85
178
328
509
904
314
239
352
143
36
254
25
326
175
415
789
194
439
631
812
10
87
898
63
404
621
526
932
214
690
656
652
220
984
513
477
298
752
829
441
140
435
818
819
610
234
608
805
25
239
969
36
678
868
451
83
841
978
367
408
20
23
412
241
359
925
718
9
29
899
802
522
334
620
341
945
854
301
102
232
540
71
268
571
291
719
6
133
49
373
893
70
748
305
663
459
230
733
468
611
632
270
133
318
890
474
615
97
775
717
329
668
141
949
239
432
20
245
917
70
970
810
492
70
115
155
529
697
240
349
309
872
619
442
190
509
269
806
606
396
875
287
416
16
236
655
801
257
252
70
327
574
233
171
996
348
678
877
398
918
226
707
790
845
501
332
707
122
490
665
519
718
953
287
86
541
943
239
798
547
310
477
474
543
648
470
243
678
348
641
596
926
700
738
124
554
71
831
28
913
848
899
983
153
187
70
695
482
309
493
29
619
323
855
514
323
678
110
2
26
751
598
304
804
337
428
710
760
259
738
25
460
638
9
613
825
431
308
307
740
154
688
712
477
544
226
152
222
336
506
600
440
105
904
596
794
685
306
906
296
396
283
756
34
644
370
211
75
678
518
816
184
559
528
13
103
106
166
677
443
672
629
235
129
885
831
275
570
489
533
867
885
169
623
920
813
345
483
889
376
2
57
560
561
937
574
16
43
740
45
838
764
674
73
246
559
256
873
130
745
407
349
983
576
324
255
741
670
738
982
46
92
39
958
653
328
532
21
372
624
66
210
389
740
636
987
652
244
860
134
342
619
483
325
